8.500000000000000000e+00 4.549725266430930393e-02
2.873000000000000043e+01 2.459674775249768783e-02
7.718000000000000682e+01 4.248529157249600341e-02
1.982199999999999989e+02 2.519920633670830537e-02
4.096600000000000250e+02 7.395268757793728442e-02
4.188799999999999955e+02 5.472659317004850699e-02
5.908799999999999955e+02 1.562593997172650184e-01
1.268799999999999955e+03 1.873392644375438953e-01
1.420750000000000000e+03 1.554670383071601603e-01
1.444569999999999936e+03 7.205553413860728285e-02
1.677720000000000027e+03 2.259424705539000711e-01
