8.500000000000000000e+00 9.024715670400336176e-01
2.873000000000000043e+01 1.343208151575326914e-01
7.718000000000000682e+01 4.404035151282019445e-02
1.982199999999999989e+02 2.577361617402669849e-02
4.096600000000000250e+02 3.200751912329995869e-02
4.188799999999999955e+02 1.129655665299352102e-01
5.908799999999999955e+02 2.207327692065247024e-02
1.268799999999999955e+03 1.456293312221327574e-01
1.420750000000000000e+03 1.050666891603911079e-01
1.444569999999999936e+03 2.650542908808131010e-02
1.677720000000000027e+03 1.391134792539569509e-01
